Pagetable:
0 -1
1 19
2 8
3 -1
4 3
5 -1
6 -1
7 22
8 7
9 262
10 -1
11 -1
12 -1
13 36
14 266
15 29
16 38
17 -1
18 -1
19 248
20 -1
21 252
22 -1
23 250
24 -1
25 -1
26 -1
27 0
28 -1
29 18
30 31
31 -1
32 -1
33 -1
34 12
35 40
36 21
37 264
38 -1
39 16
40 -1
41 -1
42 41
43 -1
44 -1
45 2
46 267
47 20
48 -1
49 24
50 1
51 -1
52 -1
53 -1
54 258
55 256
56 9
57 -1
58 25
59 11
60 44
61 32
62 -1
63 42
64 6
65 -1
66 247
67 246
68 23
69 263
70 260
71 -1
72 -1
73 -1
74 269
75 37
76 255
77 26
78 259
79 34
80 -1
81 -1
82 -1
83 4
84 -1
85 -1
86 253
87 -1
88 249
89 -1
90 -1
91 268
92 261
93 257
94 43
95 254
96 -1
97 -1
98 -1
99 -1
100 -1
101 -1
102 33
103 28
104 -1
105 251
106 -1
107 -1
108 270
109 35
110 -1
111 265
112 245
113 13
114 39
115 -1
116 -1
117 10
118 5
119 30
120 14
121 -1
122 15
123 17
124 -1
125 27
126 -1
127 -1
